tooltext=1
showhidden=0
fontsize=2
automount=0
fadeframes=4
fontfamily=Droid Sans
iconset=Generic
language=English
theme=ICS
calibration=46800.000000;-90.000000;-460500.000000;-680.000000;43775.000000;226990.000000;44632.000000;20
